# Source: David Robbins, Lyme Planning and Zoning - 6Apr2021,,
# Mapping between Vision ID and the tax map/lot number,,
# VisionID,TaxMap,Lot
# Updated 21 Nov 2021 with results from the Old vs. New PDF from town website
123,201,86
125,201,88
127,201,90
128,201,91
129,201,92
132,201,93.0
133,201,93.2
136,201,94.1
137,201,94.2
139,201,96
140,201,97
143,201,100
144,201,101
148,201,102.1
149,201,102.2
150,201,103
151,201,104
153,201,106
154,201,107
159,201,109.1
161,201,110.1
162,201,111
163,201,112
164,201,113
167,201,117
168,201,118
170,201,120
172,201,123
173,201,124
174,201,125
176,201,126
100021,406,22.2
177,201,127
178,201,128.1
179,201,129
181,201,131
182,201,132
183,201,133
249,401,46
189,401,4
190,401,5
191,401,6
192,401,7
195,401,10
197,401,12
203,401,14
204,401,15
206,401,17
207,401,18
209,401,20
210,401,21
100361,406,26
217,401,23.11
219,401,23.3
220,401,24
221,401,25
223,401,27
225,401,29
229,401,30.1
230,401,30.2
232,401,32
233,401,33
235,401,35
236,401,36
100041,410,9.2
237,401,37
241,401,39
244,401,41
245,401,42
246,401,43
247,401,44
248,401,45
1,100,1
2,100,2
3,100,3
4,100,4
5,201,1
7,201,4
8,201,5
9,201,6
10,201,7
12,201,9
13,201,10
16,201,11
18,201,12.1
19,201,12.2
20,201,13
21,201,14
22,201,15
23,201,16
26,201,19
25,201,18
28,201,21
101602,201,80.2
101622,402,37.1
101642,401,1.1
32,201,25
570,405,30.2
571,405,31
572,405,32
883,408,45
884,408,46
100401,402,15.2
887,408,47.1
578,405,38.1
579,405,39
580,405,40
581,405,42.1
582,405,42.2
584,405,44
591,405,45.1
592,405,45.2
593,405,46
34,201,27
35,201,28
37,201,30
103137,201,30T
39,201,31.1
40,201,31.2
41,201,32
42,201,33
43,201,34
50,201,35.1
54,201,35.5
1136,410,73
1126,410,63
56,201,36
1165,413,1
58,201,38
575,405,35
576,405,36
250,401,47
251,401,48
252,401,49
253,401,50
254,401,51
255,401,52
256,401,53.1
257,401,54
258,401,55.301
259,401,56
260,401,57
102876,410,46.2
267,401,59
270,401,60
271,401,61
273,401,63
275,401,65
102896,408,19
102770,402,85
102771,406,5
102772,413,4
276,401,66
278,401,68
102897,408,20
59,201,39
60,201,40
# 859,408,22 was subdivided -reb
859,408,22.1000
102976,408,22.2000
63,201,43
64,201,44
66,201,46
68,201,48
69,201,49
# 71,201,50 201/50 no longer exists -reb
76,201,51.1
78,201,52
79,201,53
80,201,54
81,201,55
82,201,56
84,201,58
85,201,59
86,201,60
87,201,61
91,201,65
92,201,66
93,201,67
94,201,68
99,201,70.1
101,201,70.2
103,201,72
104,201,73
105,201,74
106,201,75
107,201,76
111,201,78
102937,100,5
120,201,83
121,201,84
689,407,29
690,407,30
102737,201,134
691,407,31
696,407,36
697,407,37
698,407,38
700,407,40
701,407,41
702,407,42
703,407,43
704,407,44
705,407,45
708,407,48
707,407,47
725,407,59
734,407,60.1
735,407,60.2
569,405,30.1
616,406,12
717,407,54
719,407,55
723,407,57
724,407,58.1
738,407,60.5
740,407,60.7
741,407,61
742,407,62
743,407,63
744,407,64
745,407,65
746,407,66
747,407,67
748,407,68
102759,402,88
749,407,69
750,407,70
751,407,71
753,407,73
754,407,74
755,407,75
757,407,77
758,407,78
759,407,79
279,401,69
280,401,70
283,401,71
287,401,74
288,401,75
102763,403,35
290,401,77
294,402,3
295,402,4
296,402,4.1
297,402,5
298,402,6
299,402,7
300,402,8
301,402,9
187,401,2
188,401,3
357,402,59
358,402,60
359,402,61
360,402,62
361,402,63
115,201,79.1
116,201,79.2
118,201,81
377,402,79
378,402,80
380,402,82
381,402,83
835,407,139
836,407,140
837,407,141
838,408,1
840,408,3
841,408,4
842,408,5
843,408,6
844,408,7
845,408,8
846,408,9
849,408,12
760,407,80
762,407,81
765,407,84
101502,410,51
# 101522,408,1.2 Does not exist -reb
101523,408,1.1
101542,405,33
769,407,88
770,407,89
101562,421,22
772,407,91
306,402,14
307,402,15.1
308,402,16
309,402,17
310,402,18.2
313,402,21
315,402,23
316,402,24
319,402,26.1
320,402,26.2
321,402,27
322,402,28
323,402,29
324,402,30
382,402,84
384,402,86
385,402,87
387,402,89
388,402,90
390,402,92
391,402,93
392,402,94
394,402,96
395,402,97
102712,201,110.2
398,402,100
399,402,101
400,402,102
402,402,104
405,403,3
407,403,5
408,403,6
415,403,8
417,403,9
418,403,10
432,403,15
427,403,11
101183,407,86.3
# 100061,201,80 See 201/80/0010 & 201/80/0020 -reb
429,403,12
101202,407,86.4
100502,401,55.401
100503,401,55.404
434,403,17
435,403,18
436,403,19
437,403,20
438,403,21
440,403,23
441,403,24
442,403,25
446,403,29.1
447,403,30
448,403,31
450,403,33
# 453,403,36 Merged into lot 403/33 -reb
454,403,37
457,403,40
458,403,41
459,403,42
460,403,43
461,403,44
462,403,45
463,403,46
465,403,47
469,403,48
472,403,51
473,403,52
474,403,53
475,403,54
476,404,1
478,404,3
479,404,4
480,404,5
482,404,7
483,404,8
484,404,9
486,404,11
487,404,12
488,404,13
490,404,15
492,404,17
493,404,18
494,404,19
495,404,20
501,404,26
506,404,31
507,404,32
509,404,34
510,404,35
512,404,37
513,404,38
514,404,39
515,404,40
517,404,42
519,404,44
# 102765,401,29.1 No longer exists -reb
520,404,45
522,404,47
526,404,48.1
527,404,48.2
530,405,2
102732,410,76
529,405,1
639,406,36
625,406,22.1
532,405,4
533,405,5
643,407,4
648,407,9
538,405,9
540,405,11
542,405,13
543,405,14
544,405,15
545,405,16
546,405,17
547,405,18
102814,407,5.1
552,405,21
102815,407,5.2
557,405,22.1
558,405,22.2
559,405,23
560,405,24
561,405,25
102834,408,63
563,405,27
564,405,28
565,405,29
102874,413,8
102766,405,20
102875,420,27
102768,201,128.2
102916,404,46
1049,409,94
1051,409,95
1052,409,96
1053,409,98
1054,409,99
1055,409,100
1057,410,2
1060,410,5
804,407,113
806,407,114
807,407,115
808,407,116
809,407,117
810,407,118
811,407,119
812,407,120
814,407,122
815,407,123
820,407,125.1
821,407,125.2
824,407,128
826,407,130
827,407,131
829,407,133
830,407,134
831,407,135
834,407,138
594,405,47
597,405,50
598,406,1
600,406,3
603,406,6
605,406,8
607,406,10
611,406,11
102644,408,44
617,406,14
618,406,15
620,406,17
621,406,18
622,406,19
102736,403,29.2
623,406,20
624,406,21
626,406,23
627,406,24
633,406,30
634,406,31
635,406,32
637,406,34
638,406,35
645,407,6
647,407,8
650,407,11
651,407,12
652,407,13
654,407,15
655,407,16
# 656,407,17 Substitute with -reb
103057,407,17
664,407,20
667,407,21
675,407,23
686,407,26
688,407,28
1469,421,1
1471,421,3
1472,421,4
1473,421,5
1475,421,7
1477,421,9
101182,402,1.2
1484,421,16
1485,421,17
1486,421,18
1488,421,20
1489,421,21
292,402,1.1
505,404,30
83,201,57
171,201,122
1099,410,36
100184,401,55.701
194,401,9
100202,422,1
100222,407,56.2
# 100242,407,56.3 Only 407/56/1000 & 407/56/2000 -reb
100262,407,53.1
1243,414,25
1046,409,91
1069,410,10.2
1071,410,12
1076,410,13.2
1079,410,16
978,409,31
100422,401,55.201
100442,401,55.202
1199,413,26
100463,401,55.204
1196,413,23
100482,401,55.401
1200,413,27
100522,401,55.501
100523,401,55.502
1214,414,8
1229,414,16
100602,405,48
100662,417,6.2
100722,401,58
659,407,19
100742,402,44
1100,410,37
100263,404,50
1169,413,5
1103,410,40
1120,410,57
653,407,14
673,407,22
389,402,91
433,403,16
439,403,22
449,403,32
489,404,14
491,404,16
511,404,36
335,402,41
337,402,43
347,402,52
350,402,55
379,402,81
383,401,79
208,401,19
222,401,26
102691,415,10
1061,410,6
1064,410,9.1
1068,410,10.1
325,402,31
795,407,104
796,407,106
797,407,107
798,407,108
801,407,111
334,402,40
336,402,42
339,402,45
340,402,46
341,402,47
343,402,48
344,402,49
345,402,50
346,402,51
355,402,57
348,402,53
349,402,54
100542,401,55.601
351,402,56
100543,401,55.801
100562,401,55.901
100563,401,55.902
1127,410,64
1129,410,66
1131,410,68
1132,410,69
1133,410,70
1137,410,74
1138,410,75
1140,410,77
1141,410,78
1142,410,79
1144,410,80
1149,411,4
1150,411,5
850,408,13
851,408,14
852,408,15
853,408,16
# 854,408,17 No longer exists -reb
855,408,18
858,408,21
860,408,23
861,408,24
862,408,25
863,408,26
864,408,27
865,408,28
867,408,29
868,408,30
869,408,31
871,408,33
872,408,34
873,408,35
874,408,36
876,408,38
878,408,40
879,408,41
880,408,42
100265,407,53.2
100302,409,81
959,409,12.2
326,402,32
327,402,33
328,402,34
329,402,35
330,402,36
331,402,37
333,402,39
1151,411,6
1152,411,7
1154,411,9
1155,411,10
1156,411,11
1157,411,12
1158,411,13
1163,412,2
1164,412,3
1166,413,2
1167,413,3
1170,413,6
1173,413,9
1177,413,10
954,409,10
955,409,11
958,409,12.1
782,407,96.11
783,407,96.12
784,407,96.2
786,407,98
788,407,100
789,407,101
792,407,102.1
793,407,102.2
363,402,65
364,402,66
365,402,67
368,402,70
369,402,71
370,402,72
371,402,73
372,402,74.1
375,402,77
376,402,78
966,409,19
967,409,20
968,409,21
971,409,24
972,409,25
973,409,26
974,409,27
975,409,28
976,409,29
979,409,32
981,409,34
982,409,35
984,409,37
986,409,39
987,409,40
990,409,43
991,409,44
992,409,45
993,409,46
994,409,47
995,409,48
996,409,49
997,409,50
998,409,51
1002,409,53.1
1003,409,53.2
1004,409,54
1005,409,55
1006,409,56
1009,409,57
102692,414,9.2
1015,409,60
1016,409,61
1018,409,63
1020,409,65
1023,409,68
1024,409,69
1025,409,70
1026,409,71
1027,409,72
1028,409,73
1030,409,75
1031,409,76
1033,409,78
1034,409,79
1035,409,80
1037,409,82
1039,409,84
1040,409,85
1041,409,86
1042,409,87
1043,409,88
1045,409,90
1048,409,93
1423,419,1
1435,419,7
1436,419,8
1437,419,9
1438,420,1
1439,420,2
1440,420,3
1441,420,4
1442,420,5
1443,420,6
1446,420,7.1
1447,420,7.2
1449,420,9
1450,420,10
1451,420,11
1455,420,15
1456,420,16
1457,420,17
101224,411,1
101242,409,23.2
1464,420,24
1466,420,26
1468,420,28
888,408,47.2
891,408,48.2
892,408,48.1
897,408,52
101442,408,75.3
101462,402,74.2
101483,410,71
900,408,55
901,408,56
907,408,57.1
908,408,57.2
909,408,57.3
910,408,57.4
911,408,58
912,408,59
913,408,60
915,408,61.1
916,408,61.2
917,408,62
923,408,66
924,408,67
925,408,68
935,408,70.2
940,408,71.2
941,408,72
942,408,73
943,408,74
944,408,75.1
947,409,3
949,409,5
952,409,8
953,409,9
1123,410,60
1125,410,62
1251,414,29
1255,414,30.1
1256,414,30.2
1097,410,34
983,409,36
1022,409,67
1038,409,83
1265,414,34
1266,414,35
1267,414,36
1268,414,37
1269,414,38
1270,414,39
1271,414,40
1272,414,41
1274,414,43
1282,414,45
1291,414,50
1292,414,51
1299,414,54
1250,414,28
1257,414,31
1302,414,57
1304,414,58
1305,414,58
1309,414,61
1311,414,61
1312,414,66
1313,414,62
1323,414,64
1325,415,1
1326,415,2
1327,415,3
1332,415,8
1333,415,9
1336,415,12
1337,415,13
1375,416,12
1235,414,22
951,409,7
920,408,64.1
711,407,51
1118,410,55
1119,410,56
800,407,110
816,407,124
832,407,136
767,407,86.1
833,407,137
737,407,60.4
739,407,40.6
752,407,72
756,407,76.3
764,407,83
736,407,60.3
101282,409,77
101325,403,1
101342,405,38.2
101362,407,76.1
1186,413,11
1188,413,14
1189,413,15
1190,413,16
1191,413,17
1193,413,20
# 1194,413,21 No longer exists -reb
1195,413,22
1197,413,24
1198,413,25
1201,413,28
1202,413,29
1203,413,30
1204,413,31
1206,413,33
1207,414,1
1338,415,14
1342,415,17
1343,415,18
1352,415,20.1
1353,415,20.2
1354,415,20.3
1355,415,21
1356,415,22
1358,415,24
1360,415,26
1361,415,27
1362,415,28
1364,416,1
1365,416,2
1366,416,3
1367,416,4
1373,416,10
1171,413,7
1374,416,11
1379,416,14
1382,416,16
1187,413,13
1384,416,18
1385,416,19
1386,416,20
1388,416,22
1389,416,23
1394,416,24
1399,416,25
1400,416,26
1401,416,27
1402,417,1
1403,417,2
1410,417,6.1
1412,417,7
1413,418,1
1417,418,3
# 102642,201,35.1 - Units are 10..60, no 35 -reb
# 102643,401,55.1010 - Units are 101..903 - no 1010 -reb
101204,407,86.6
101205,407,86.7
101262,414,65
101203,407,86.5
100822,405,26
102854,401,31.2
100863,401,23.12
101082,407,86.11
101143,414,15
100582,401,55.903
100622,405,3
100142,401,55.101
100162,401,55.102
100163,401,55.103
100164,401,55.105
100243,407,53.4
100282,407,53.3
100462,401,55.203
100000,402,18.1
636,406,33
100322,405,7
1019,409,64
1101,410,38
1124,410,61
101243,409,23.1
100182,401,55.104
1192,413,19
102,201,71
138,201,95
231,401,31.1
101582,414,48
274,401,64
100642,405,49
537,405,8
649,407,10
720,407,56.1
311,402,19
234,401,34
238,401,38
243,401,40
277,401,67
291,401,78
303,402,11
317,402,25
122,201,85
124,201,87
142,201,99
152,201,105
169,201,119
180,201,130
201,401,13.1
202,401,13.2
100122,414,55
55,201,35.6
57,201,37
62,201,42
65,201,45
67,201,47
77,201,51.2
88,201,62
95,201,69
117,201,80.1
29,201,22
30,201,23
33,201,26
921,408,64.2
934,408,70.1
939,408,71.1
962,409,15
969,409,22
977,409,30
899,408,54
875,408,37
877,408,39
881,408,43
895,408,50
896,408,51
898,408,53
839,408,2
768,407,87
771,407,90
785,407,97
799,407,109
27,201,20
36,201,29
51,201,35.2
52,201,35.3
53,201,35.4
1387,416,21
1406,417,5
1462,420,22
1298,414,53
1319,414,63
1335,415,11
1340,415,15
1341,415,16
1344,415,19
1263,414,32
787,407,99
963,409,16
1058,410,3
1277,414,44
1363,415,29
1448,420,8
100264,404,51
100583,401,55.123
103117,201,77,T
101162,201,77,E
1070,410,11
# 1075,410,13.1 Correct unit is 1200 -reb
103178,410,13.1200
1077,410,33.2
1078,410,15
1081,410,18
1082,410,19
1083,410,20
1084,410,21
1085,410,22
1087,410,24
1091,410,28
1092,410,29
1093,410,30
1094,410,31
1096,410,33.2
1098,410,35
1102,410,39
1104,410,41
1105,410,42
692,407,32
1109,410,46.1
694,407,34
1111,410,48
1112,410,49
1113,410,50
695,407,35
706,407,46
960,409,13
961,409,14
964,409,17
965,409,18
1121,410,58
1122,410,59
773,407,92
774,407,93
775,407,94
776,407,95
102956,401,53.2
1208,414,2
1209,414,3
1211,414,5
1212,414,6
1213,414,7
1215,414,9.1
1222,414,11.11
1223,414,11.12
1225,414,12
1226,414,13
1227,414,14
1228,415,30
1230,414,17
1232,414,19
1233,414,20
1234,414,21
1236,414,23
1247,414,26.1
1248,414,26.2
1249,414,27
101382,407,76.2
89,201,63
224,401,28
272,401,62
401,402,103
518,404,43
1289,414,49
100103,410,72
103036,402,75
103016,403,27
103079,406,16
103078,406,4
103097,406,4.1
103157,406,9
102996,409,59
